1
80
30 100000000000 4 1
30 100000000000 4 1
30 100000000000 4 1
30 100000000000 4 1
30 100000000000 4 1
30 100000000000 4 1
30 100000000000 4 1
30 100000000000 4 1
30 100000000000 4 1
30 100000000000 4 1
30 100000000000 4 1
30 100000000000 4 1
30 100000000000 4 1
30 100000000000 4 1
30 100000000000 4 1
30 100000000000 4 1
30 100000000000 4 1
30 100000000000 4 1
30 100000000000 4 1
30 100000000000 4 1
30 100000000000 4 1
30 100000000000 4 1
30 100000000000 4 1
30 100000000000 4 1
30 100000000000 4 1
30 100000000000 4 1
30 100000000000 4 1
30 100000000000 4 1
30 100000000000 4 1
30 100000000000 4 1
30 100000000000 4 1
30 100000000000 4 1
30 100000000000 4 1
30 100000000000 4 1
30 100000000000 4 1
30 100000000000 4 1
30 100000000000 4 1
30 100000000000 4 1
30 100000000000 4 1
30 100000000000 4 1
