100 1000
80 69 91 47 74 75 94 22 100 43 50 82 47 40 51 90 27 98 85 47 14 55 82 52 9 65 90 86 45 52 52 95 40 85 3 46 77 16 59 32 22 41 87 89 78 59 78 34 26 71 9 82 68 80 74 100 6 10 53 84 80 7 87 3 82 26 26 14 37 26 58 96 73 41 2 79 43 56 74 30 71 6 100 72 93 83 40 28 79 24 68 68 68 24 100 85 7 96 64 91
2 95
2 4
2 70
2 95
1 34 91
1 17 22
1 41 25
2 57
1 7 55
1 45 56
1 37 8
2 82
2 45
1 9 46
2 85
1 92 25
2 18
2 51
2 71
1 21 92
2 43
1 80 98
2 80
2 21
2 80
1 6 70
1 77 83
2 56
2 98
2 100
1 46 40
2 57
2 82
2 19
1 98 50
1 91 59
1 89 44
2 11
2 63
1 18 65
2 75
2 26
1 15 39
2 7
1 92 46
2 69
1 36 88
1 87 65
1 99 83
2 72
1 38 20
2 19
2 11
1 59 23
1 25 31
1 97 83
pa + |a -b| 
pa + a - b  vt a > vt b
pa - a + b 